joint_poses = (-1.7216947992278286, -1.5557691733857757, 1.3708879370044018, -1.3821534942465523, -1.5607022210501926, 0.2562848352383799)
orn = [0.6087721220543522, 0.3618228101134492, -0.6072546924249086, 0.36017009317679055]
pos = [0.10999467059285488, 0.00977376298389707, 0.40175783367181817]


manual:
joint_poses = (-1.5715541380450657, -1.551474699370415, 1.3782453863828132, -1.3977756707850417, -1.5705666155576647, 0.5033739338802705)
orn=[0.61,0.36,-0.61,0.36]
pos=[0.11,0.01,0.40]





        self.arm_ll = [-3.14159265359,-3,-3.14159265359,-3.14159265359,-3.14159265359,-3.14159265359]
        self.arm_ul = [0,-0.5,3.14159265359,3.14159265359,3.14159265359,3.14159265359]